143
134
127
118
95
94
90
88
84
81
79
1134
791
1087
1091
1081
1080
1079
1078
1074
1025
1009
1001
999
1014
998
997
1013
996
983
979
970
962
963
960
956
955
954
946
945
950
949
935
934
933
932
931
930
929
989
926
921
920
919
918
917
914
913
912
911
908
900
897
896
895
894
889
805
804
803
802
801
799
798
797
796
793
72
69
63
52
47
39
726
712
711
709
322
670
289
287
652
280
277
631
647
644
643
624
614
612
606
601
597
595
594
591
590
587
553
552
547
544
543
503
502
501
520
519
518
499
517
498
516
497
515
496
514
495
513
494
512
493
511
492
510
491
509
490
489
488
508
507
506
487
486
484
480
473
470
469
468
467
477
476
475
474
465
456
455
261
399
395
393
392
391
388
387
386
385
384
224
35
34
33