349
460
474
446
345
346
773
348
459
455
473
741
513
906
917
882
879
876
453
454
642
649
657
661
755
655
646
759
752
567
667
597
614
580
579
545
544
543
618
615
576
612
619
616
691
639
571
634
474
474
631
534
531
533
530
529
601
551
550
549
637
349
345
346
356
348
347
731
726
589
728
732
717
712
742
733
716
441
630
793
350
472
347
900
882
879
876
666
454
345
346
339
773
459
932
617
618
619
580
696
709
744
757
534
531
533
530
529
707
728
730
762
768
759
545
544
543
698
697
696
691
691
634
744
631
631
534
534
531
531
533
533
530
530
529
529
601
736
551
550
549
551
550
549
618
615
616
601
349
345
346
356
348
354
355
352
353
347
354
355
798
94
85
78
70
68
67
86
61
60
41
665
675
674
674
