601
918
799
498
911
127
1091
933
935
280
949
118
491
395
391
1078
930
955
224
931
796
495
643
921
480
932
791
497
492
39
894
289
469
277
392
997
1074
913
914
900
895
95
962
889
47
399
950
552
322
35
644
484
468
143
726
802
94
84
1025
287
79
501
134
63
989
493
470
896
917
920
1134
1081
709
647
547
502
996
385
489
488
912
946
1087
494
52
1009
711
934
712
897
487
1001
979
465
926
543
999
945
90
499
919
670
467
496
69
503
998
490
960
954
956
1079
970
81
88
1080
486
473