475
983
590
933
474
495
726
962
911
920
594
912
496
934
515
955
917
552
803
1080
1079
1087
997
385
950
280
134
996
476
289
492
395
1078
224
1025
480
595
791
503
513
930
489
918
81
509
455
469
591
949
491
510
587
1074
914
547
897
399
989
494
801
670
518
624
90
929
805
597
511
514
95
491
797
519
490
793
553
614
502
798
507
926
945
506
932
970
913
921
1134
118
477
94
804
896
456
63
1081
796
486
508
509
931
919
963
501
287
470
960
322
493
606
520
484
799
802
956
512
127
954
498
516
712
711
497
709
488