134
989
127
118
631
1078
652
1087
726
1091
712
1081
711
1080
709
1079
277
84
81
983
35
34
979
803
970
791
647
962
624
963
960
1009
322
224
503
956
502
955
501
954
487
644
946
486
945
497
926
950
949
473
900
143
475
474
470
289
897
95
468
895
467
894
88
469
287
896
94
456
477
455
476
52
465
39
889
69
1001
998
643
935
484
934
805
804
553
802
801
799
624
798
280
90
1134
547
520
519
518
552
797
544
543
1013
796
612
793
516
606
601
997
1014
996
509
908
587
499
933
932
931
498
930
601
997
1025
999
496
921
494
919
495
920
493
918
492
917
480
491
914
490
913
489
912
488
911
908
79
670
1074
72
47
399
387
395
393
392
391
388
386
385
384
63
261
