460
474
474
446
932
453
339
906
900
917
882
882
879
879
876
876
459
459
455
567
675
674
667
589
597
513
617
614
580
580
579
649
666
665
545
545
544
544
543
543
618
618
618
615
615
631
631
576
612
349
349
349
352
353
345
345
345
345
356
356
348
348
348
346
346
346
346
354
354
355
355
350
347
347
347
630
657
655
619
619
616
616
731
726
728
728
732
717
712
712
773
773
741
762
698
697
696
730
742
768
759
759
733
709
716
744
744
757
756
755
752
736
745
707
691
691
639
571
634
634
647
646
642
661
534
534
533
533
531
531
530
530
529
529
601
601
601
551
551
550
550
549
549
637
473
454
454
441
472
94
86
85
78
70
68
67
61
60
41
793
798